>A
  111  
 11 11 
11   11
11   11
1111111
11   11
11   11

>B
111111 
11   11
11   11
111111 
11   11
11   11
111111 

>C
 11111 
11   11
11     
11     
11     
11   11
 11111 

>D
11111  
11   1 
11   11
11   11
11   11
11   1 
11111  

>E
1111111
11     
11     
1111111
11     
11     
1111111

>F
1111111
11     
11     
1111111
11     
11     
11     

>G
 11111 
11   11
11     
11 1111
11   11
11   11
 11111 

>H
11   11
11   11
11   11
1111111
11   11
11   11
11   11

>I
1111111
  111  
  111  
  111  
  111  
  111  
1111111

>J
   1111
     11
     11
     11
     11
11   11
 11111 

>K
11   11
11  11 
11 11  
1111   
11 11  
11  11 
11   11

>L
11     
11     
11     
11     
11     
11     
1111111

>M
1     1
11   11
111 111
1111111
11 1 11
11   11
11   11

>N
11   11
111  11
1111 11
1111111
11 1111
11  111
11   11

>O
 11111 
11   11
11   11
11   11
11   11
11   11
 11111 

>P
111111 
11   11
11   11
111111 
11     
11     
11     

>Q
 11111 
11   11
11   11
11   11
11 1 11
11  11 
 1111 1

>R
111111 
11   11
11   11
111111 
11   11
11   11
11   11

>S
 11111 
11   11
11     
 11111 
     11
11   11
 11111 

>T
1111111
  111  
  111  
  111  
  111  
  111  
  111  

>U
11   11
11   11
11   11
11   11
11   11
11   11
 11111 

>V
11   11
11   11
11   11
11   11
11   11
 11 11 
  111  

>W
11   11
11   11
11   11
11 1 11
1111111
111 111
11   11

>X
11   11
11   11
 11 11 
  111  
 11 11 
11   11
11   11

>Y
11   11
11   11
11   11
 11111 
  111  
  111  
  111  

>Z
1111111
    111
   111 
  111  
 111   
111    
1111111

