>A
 111 
1   1
11111
1   1
1   1

>B
1111 
1   1
1111 
1   1
1111 

>C
 1111
1    
1    
1    
 1111

>D
1111 
1   1
1   1
1   1
1111 

>E
11111
1    
11111
1    
11111

>F
11111
1    
11111
1    
1    

>G
 1111
1    
1 111
1   1
 1111

>H
1   1
1   1
11111
1   1
1   1

>I
  1  
  1  
  1  
  1  
  1  

>J
    1
    1
    1
    1
 111 

>K
1   1
1  1 
111  
1  1 
1   1

>L
1    
1    
1    
1    
11111

>M
1   1
11 11
1 1 1
1 1 1
1 1 1

>N
1   1
11  1
1 1 1
1  11
1   1

>O
 111 
1   1
1   1
1   1
 111 

>P
1111 
1   1
1111 
1    
1    

>Q
 111 
1   1
1   1
 111 
    1

>R
1111 
1   1
1111 
1  1 
1   1

>S
 1111
1    
 111 
    1
1111 

>T
11111
  1  
  1  
  1  
  1  

>U
1   1
1   1
1   1
1   1
 111 

>V
1   1
1   1
1   1
 1 1 
  1  

>W
1 1 1
1 1 1
1 1 1
11111
 1 1 

>X
1   1
 1 1 
  1  
 1 1 
1   1

>Y
1   1
 1 1 
  1  
  1  
  1  

>Z
11111
   1 
  1  
 1   
11111