>A
-0.899992   
-0.568462   
+0.055605   
-0.141350   
-0.067233   
-0.181041   
-0.152955   
+0.378865   
+0.379296   
+0.334693   
-0.116498   
+0.419416   
+0.130965   
-0.165428   
-0.646538   
+0.129700   
+0.371149   
-0.292302   
-0.016584   
-0.533158   
-0.582514   
+0.386773   
+0.088977   
+0.630436   
+0.246167   
-0.573071   

>B
-0.308035   
-0.346081   
-0.384001   
+0.001191   
+0.210321   
+0.062198   
-0.037547   
-0.252535   
+0.436082   
+0.428234   
-0.267361   
+0.556410   
+0.091037   
-0.034661   
+0.047039   
+0.282550   
+0.322660   
+0.453356   
+0.251519   
+0.172686   
-0.468365   
+0.584707   
-0.727290   
+0.436411   
-0.233505   
-0.922268   

>C
-0.862226   
-0.125093   
-0.040735   
-0.033493   
-0.713483   
+0.497656   
+0.509208   
-0.439436   
+0.204653   
+0.404523   
+0.016292   
+0.219033   
-0.313358   
+0.093977   
-0.033855   
-0.309267   
+0.247764   
-0.426251   
-0.099293   
+0.284142   
-0.022918   
+0.013817   
-0.570253   
-0.335554   
+0.540980   
-1.049916   

>D
+0.661514   
-0.029795   
+0.027817   
-0.574635   
+0.015868   
+0.288455   
+0.768247   
+0.029543   
+0.336224   
+0.225412   
+0.299458   
+0.588572   
-0.866805   
-0.093678   
-0.048985   
+0.113274   
+0.491114   
+0.145981   
+0.012081   
+0.341511   
-0.630683   
+0.015395   
+0.037304   
+0.067917   
-0.512788   
-0.921672   

>E
-0.146280   
-0.128345   
+0.102406   
-0.566946   
+0.134450   
+0.098480   
+0.855361   
+0.748293   
+0.454584   
+0.590737   
+0.024849   
+0.642040   
-0.240232   
-0.187248   
+0.114710   
-0.269573   
-0.009010   
+0.174588   
-0.097000   
+0.114293   
-0.273124   
+0.009820   
+0.437897   
-0.460089   
-0.019104   
-0.782461   

>F
+0.186991   
+0.052059   
-0.449665   
+0.281346   
-0.014185   
-0.012275   
+0.299741   
+0.047533   
+0.187187   
+0.245576   
-0.009891   
+0.555409   
-0.243854   
-0.251848   
-0.216695   
+0.008767   
-0.058180   
+0.364899   
-0.147874   
-0.111485   
+0.264031   
-0.438905   
+0.226031   
-0.500243   
-0.480750   
-0.670731   

>G
-0.473288   
-0.048746   
-0.078366   
+0.103073   
-0.352158   
-0.023568   
+0.389314   
-0.296750   
-0.071625   
+0.501673   
-0.273503   
-0.057979   
+0.347487   
+0.210313   
-0.268811   
+0.385648   
+0.092174   
-0.237801   
-0.028936   
-0.034661   
-0.146943   
-0.364891   
+0.283153   
+0.055307   
+0.049524   
-0.347700   

>H
+0.008945   
-0.068326   
-0.348354   
-0.484752   
+0.079592   
+0.008922   
+0.050126   
+0.560860   
+0.071262   
-0.094044   
-0.399606   
+0.617561   
-0.044157   
+0.062245   
-0.148633   
-0.267261   
+0.039330   
+0.624697   
+0.088981   
+0.102207   
+0.087145   
+0.454415   
+0.151270   
-0.010684   
-0.062574   
-0.885565   

>I
-0.696566   
-0.585971   
-0.423283   
-0.123434   
-0.359961   
+0.029748   
+0.669264   
+0.215642   
+0.600720   
+0.006535   
+0.141716   
+0.119092   
+0.186031   
+0.524987   
-0.036677   
-0.634806   
+0.513422   
-0.111057   
+0.467679   
-0.017951   
-0.700445   
+0.216634   
-0.034117   
+0.090019   
-0.156052   
-0.860805   

>J
-0.349653   
-0.010638   
-0.784468   
-0.553977   
-0.484268   
-0.185341   
+0.681504   
-0.060274   
+0.267532   
+0.306650   
-0.534842   
+0.011519   
-0.000883   
-0.146396   
+0.030488   
-0.083650   
-0.299405   
-0.499121   
+0.473352   
+0.227335   
-0.380822   
+0.017724   
+0.082494   
+0.180562   
-0.494738   
-0.263580   

>K
+0.208921   
+0.428708   
-0.205451   
-0.218262   
+0.064005   
-0.170428   
-0.386148   
+0.213547   
-0.418939   
-0.211177   
-0.047840   
+0.747545   
-0.510146   
-0.030785   
-0.207831   
-0.515965   
+0.676866   
+0.183865   
+0.422460   
-0.317844   
-0.406033   
-0.388684   
-0.408176   
+0.383236   
-0.255946   
-0.280274   

>L
-0.463545   
-0.101856   
+0.101010   
-0.323120   
+0.228355   
-0.442269   
+0.587937   
-0.242831   
+0.033599   
+0.001637   
-0.580589   
+0.434717   
-0.403993   
+0.394770   
+0.196243   
+0.152940   
+0.269521   
+0.133430   
-0.143559   
+0.498217   
-0.572992   
-0.181222   
+0.099834   
-0.382563   
+0.362571   
-0.473877   

>M
-0.046089   
-0.012011   
-0.270334   
+0.202989   
-0.156955   
-0.538312   
+0.485325   
+0.460226   
+0.513266   
-0.043164   
-0.161003   
+0.116007   
-0.464668   
+0.428548   
-0.089261   
-0.111881   
+0.618084   
+0.030848   
-0.141157   
-0.229774   
-0.106982   
+0.146866   
+0.075896   
+0.187831   
+0.079293   
-0.921737   

>N
-0.330258   
-0.346078   
+0.071784   
+0.276237   
+0.013936   
-0.071392   
+0.820768   
+0.344753   
-0.239303   
+0.240163   
-0.678440   
+0.260434   
-0.282855   
+0.161355   
-0.598167   
-0.194360   
+0.186503   
-0.349606   
+0.470098   
-0.356182   
-0.258290   
+0.422808   
+0.529239   
+0.014951   
-0.225790   
-0.657021   

>O
-0.353863   
+0.217848   
-0.433387   
+0.470087   
-0.553267   
+0.243975   
+0.394024   
-0.044248   
+0.517101   
-0.077916   
-0.539251   
+0.506950   
-0.392174   
-0.163362   
+0.082421   
+0.151710   
+0.591533   
+0.195679   
-0.120488   
+0.653863   
-0.728821   
-0.195746   
+0.095691   
-0.020083   
-0.736919   
-0.196699   

>P
+0.382992   
+0.246679   
-0.063574   
-0.393658   
+0.284787   
+0.218478   
-0.133150   
+0.444023   
+0.089731   
-0.484174   
-0.114231   
+0.426861   
+0.159053   
+0.309320   
-0.261339   
-0.019711   
+0.515932   
+0.371910   
-0.113898   
-0.389831   
-0.790653   
+0.103797   
-0.179040   
+0.175880   
-0.779315   
-0.744721   

>Q
-0.729365   
-0.339726   
+0.223764   
-0.402978   
-0.649397   
-0.022196   
+0.257162   
+0.119988   
+0.446490   
-0.349688   
-0.414058   
+0.533682   
-0.304363   
+0.577776   
-0.218836   
-0.168825   
-0.142525   
+0.486883   
+0.542393   
-0.498343   
+0.056193   
-0.070645   
+0.077550   
+0.089652   
+0.276173   
-0.261041   

>R
-0.020668   
-0.063733   
-0.564412   
-0.277493   
+0.373356   
-0.211724   
-0.048681   
+0.514125   
+0.107611   
-0.374067   
-0.147138   
+0.554028   
-0.543075   
+0.238102   
-0.125748   
-0.140986   
-0.148472   
+0.324336   
+1.113048   
+0.397914   
-0.855414   
+0.360617   
-0.205144   
-0.148149   
+0.163620   
-0.734497   

>S
-0.583429   
-0.190438   
-0.686324   
-0.253025   
-0.293921   
+0.075974   
+0.399359   
+0.431908   
-0.117493   
+0.387414   
-0.124690   
+0.436206   
-0.476363   
+0.573346   
-0.470365   
-0.019647   
+0.394245   
+0.769437   
+0.634030   
-0.049845   
-0.040342   
-0.030886   
-0.300045   
+0.349252   
+0.071903   
-0.318334   

>T
+0.156770   
-0.763632   
-0.569428   
-0.578333   
-0.237398   
+0.152622   
+0.216610   
-0.028534   
+0.024801   
-0.266309   
+0.153012   
+0.365928   
+0.044104   
+0.259758   
-0.352361   
+0.161994   
-0.175055   
+0.449157   
+0.184180   
+0.121046   
+0.314025   
-0.382055   
-0.006454   
+0.221872   
-0.203418   
-0.846306   

>U
+0.141633   
+0.019175   
+0.271944   
+0.065356   
-0.157210   
+0.177180   
+0.267741   
-0.070944   
-0.154070   
+0.543274   
-0.694659   
+0.071379   
-0.427480   
+0.639725   
+0.164851   
-0.545043   
-0.129665   
-0.376151   
-0.073662   
-0.039917   
-0.182293   
-0.394815   
+0.141576   
+0.268562   
-0.176110   
-0.872773   

>V
+0.013546   
-0.223224   
+0.071884   
-0.341754   
-0.163402   
-0.000209   
+0.089060   
+0.335241   
+0.605603   
-0.237916   
-0.260495   
+0.355072   
-0.698308   
+0.040440   
-0.216914   
-0.278421   
+0.072380   
-0.310234   
+0.004969   
-0.383614   
+0.102019   
+0.227439   
+0.168820   
+0.163643   
-0.656250   
-0.288436   

>W
-0.036337   
-0.117178   
-0.418995   
+0.059763   
-0.467133   
-0.104647   
+0.191343   
-0.396771   
+0.366119   
+0.164689   
-0.174809   
+0.486825   
+0.363476   
+0.234039   
-0.304144   
+0.046044   
-0.128845   
+0.006001   
+0.163804   
-0.152508   
-0.407532   
+0.209658   
+0.225836   
+0.434338   
-0.073557   
-0.870566   

>X
+0.102084   
-0.168237   
-0.754659   
-0.758580   
-0.446685   
+0.167065   
-0.138269   
+0.019303   
+1.029150   
-0.179484   
-0.495437   
-0.011007   
-0.100309   
+0.306461   
-0.305369   
-0.338221   
+0.511571   
-0.121634   
+0.300645   
-0.167392   
-0.163904   
-0.030501   
+0.261187   
+0.477238   
+0.044519   
-0.965757   

>Y
-0.276228   
-0.968361   
-0.246826   
-0.408412   
+0.022891   
-0.470421   
+0.232078   
-0.063472   
+0.230618   
-0.296419   
-0.112675   
+0.566910   
-0.249469   
+0.567514   
-0.488395   
-0.651610   
+0.897599   
+0.039523   
+0.168075   
+0.231915   
-0.209227   
+0.215407   
-0.258465   
-0.127193   
-0.540784   
-0.454750   

>Z
+0.121334   
-0.544586   
-0.658925   
-0.356387   
-0.289981   
-0.103462   
-0.081227   
-0.277595   
+0.561484   
+0.756876   
+0.116908   
+0.274525   
-0.062825   
+0.098460   
-0.477200   
-0.008016   
+0.570991   
+0.045872   
-0.433710   
+0.040711   
+0.221117   
-0.378344   
-0.219885   
-0.013984   
-0.132687   
-1.073660   

